[
(1000006, 241, 34, 0, 8),
(1000006, 101, 5, 0, 4),
(1000006, 3, 77, 0, 2),
(1000006, 85, 78, 0, 2),
(1000006, 184, 36, 0, 6),
(1000006, 418, 45, 16, 0),
(1000006, 419, 33, 27, 0),

(1000021, 85, 36, 0, 3),
(1000021, 101, 72, 0, 2),
(1000021, 5, 45, 0, 11),
(1000021, 4, 42, 0, 3),
(1000021, 241, 64, 0, 18),
(1000021, 401, 14, 48, 0),
(1000021, 165, 23, 0, 28),

(1000050, 241, 62, 0, 9),
(1000050, 87, 62, 0, 14),
(1000050, 184, 55, 0, 19),
(1000050, 122, 32, 0, 15),
(1000050, 119, 19, 0, 1),
(1000050, 165, 37, 0, 34),
(1000050, 415, 39, 3, 0),

(1000051, 41, 46, 0, 1),
(1000051, 119, 74, 0, 6),
(1000051, 4, 13, 0, 11),
(1000051, 86, 24, 0, 6),
(1000051, 87, 5, 0, 20),
(1000051, 401, 31, 1, 0),
(1000051, 402, 19, 12, 0),

(1000068, 41, 66, 0, 3),
(1000068, 101, 44, 0, 14)
]
